2473
2770
9296
1790
5316
9020
8132
3773
3440
653
3351
1639
9173
1076
1074
2861
5601
8030
7152
711
5213
8176
8969
1051
5832
3288
4724
8907
5501
6136
6598
4298
4184
2775
6884
3355
6748
9256
9091
9923
5856
2615
1476
4043
4042
3264
2470
8576
6152
8867
6671
3488
7519
9932
1770
2394
7517
6736
3117
6840
1437
4333
3071
273
1317
8439
8207
8899
4382
566
9758
6602
7079
3729
3976
6765
888
6862
5561
505
8472
5789
2999
4262
1697
7530
6306
4879
4366
8328
1146
1946
5312
2805
7823
350
6383
3722
6370
5631
14
4670
9782
6414
6876
604
1316
6983
3201
8701
1049
4980
7601
4810
7952
4232
7242
4934
6412
4768
4694
7493
9749
5626
6984
1072
3212
5531
2154
5842
2431
96
7116
6434
8898
1353
8396
3992
4659
7196
9176
4519
9967
7614
5261
7938
1036
7279
218
4036
5938
4193
2849
4732
3301
2870
9417
7675
7584
9077
1244
4010
3593
8603
5207
9286
3600
4745
1937
4790
5012
1221
608
513
6090
6927
9634
5968
125
2829
4128
2498
2100
7635
7937
8553
3505
4632
3040
3521
5886
774
7221
1135
867
8039
6502
4741
6057
8189
2178
841
2965
254
7909
6085
7594
1383
37
6199
8663
1021
2735
6888
7502
4988
1432
190
1365
9836
6737
3066
6749
1436
3914
8220
6487
8531
564
641
7951
9813
5606
7300
8815
6789
8760
6480
5206
6041
7209
8769
7270
6243
549
3963
9029
144
6767
7237
7563
4332
6577
3807
6588
474
351
5375
969
7224
6948
9854
1606
3790
8856
3308
1931
9549
9116
2700
3636
8653
1227
4600
6305
1636
7879
1547
4088
5862
3412
5962
7119
9188
7118
2419
3693
7570
5469
1043
9520
9362
7205
4300
1069
2202
6252
7218
2097
2406
9335
1721
6204
36
6971
5696
4890
2155
6300
3182
821
6040
572
4160
2307
4887
3716
1718
8367
2118
2925
8713
461
2967
4476
2632
5662
1454
8949
1332
2950
1831
5054
7053
1304
6335
3441
8742
4526
8386
9708
1014
9107
4880
9402
6776
7873
2660
4734
3708
5426
3279
3373
7862
4425
4634
5588
4098
4657
7894
7475
8470
5520
3764
4292
59
4031
3477
2021
5955
2544
1435
624
1268
9184
4153
8544
9045
9219
6187
1012
5825
3925
9805
813
8602
9382
4581
3843
9244
6897
4687
6148
4370
3832
811
8718
847
2807
6522
9874
1824
9646
7729
3520
6638
7381
1382
296
6160
429
161
1089
8061
5708
7389
7474
1176
2314
1737
9863
4444
9427
2968
9084
7799
6600
8110
2304
6887
1252
2961
5559
6987
2056
1079
1628
8402
7051
9929
602
4901
5365
2356
3044
1211
233
7723
662
7095
435
2617
178
9538
4823
9136
2737
4411
3589
3049
270
9066
2242
1863
8003
27
7327
8943
778
6873
9525
2378
9
5656
1277
6937
1785
4145
9582
9459
6375
9946
141
835
8118
5459
3307
5843
6264
6679
7371
2072
6903
3988
9746
6643
1233
1354
9247
679
652
7802
7577
5705
5777
9913
8844
4841
7853
9346
6228
2288
2376
424
9548
8451
2382
480
5036
260
5456
7388
9062
5923
3917
1995
4096
3186
1440
1905
8691
9603
9768
854
8296
1148
8536
1604
2846
7958
6891
7201
7056
500
872
5119
7903
71
3092
3395
6532
9769
3222
5357
1540
4363
9051
6266
307
5569
965
4920
2062
9191
4869
6603
120
4458
7265
1769
3522
7875
9406
5660
9313
7528
558
9375
6329
8643
4094
5803
4939
7541
4737
8213
2290
9611
8312
8788
2414
9554
3403
3172
5651
7290
9196
7411
4726
1070
7560
6576
7419
8837
6033
1925
568
9085
3755
6832
9544
5387
8035
7149
2631
1984
9156
5788
6548
5160
756
5083
1815
5018
4238
2276
5338
8450
3200
196
6642
6938
2966
8004
38
5463
1982
8116
2123
90
7090
343
672
3814
9564
508
7450
484
5285
1846
4924
1408
5267
7036
4749
9421
6790
4150
4957
2897
734
5852
5460
1284
8740
2983
9649
8354
6259
5185
123
6197
2518
1662
4524
3437
4631
4696
7774
8517
4117
5547
3254
3688
6280
5838
4197
7604
4076
6520
2748
6931
9403
87
4412
3410
8579
6587
7907
3878
2054
4588
1270
790
8024
3975
1978
9610
4484
9390
7955
9921
1825
2250
6030
9822
2236
8965
6159
7600
4613
100
3358
3679
1378
3006
1892
6214
5399
4486
1985
8876
8785
8254
6817
2375
6809
9593
9392
6420
3154
7472
4633
3913
997
8362
1209
2879
3267
5385
6186
9060
1692
1500
7994
7898
5997
4958
6180
5502
858
1520
6387
358
8131
6282
4339
2930
8493
1121
3973
2590
432
1505
5578
754
3896
3365
8950
6928
4104
8670
3987
7282
526
1482
8468
4766
1256
2091
6155
43
1308
8171
7129
2692
9993
2200
5117
6362
6392
8753
1274
7826
8690
2771
8418
5855
3206
5222
7556
1039
9945
2799
5184
4004
7692
5414
4839
2929
9327
4680
58
703
1469
1462
3549
2948
1723
8153
417
9524
332
8091
181
4409
3851
4187
8259
5107
6991
2522
7738
895
4240
664
8301
4611
8515
3996
6347
7470
447
1411
9078
8915
6505
8570
5393
6819
812
1679
4799
4756
471
9984
3352
817
4874
9743
5323
6510
6614
9216
6844
2722
8295
3196
5611
3278
5977
165
3160
9257
6481
877
4721
7686
2131
3796
4030
2254
1904
7836
7446
3337
5961
4798
3810
4226
2997
7657
9671
764
8572
9623
9351
1130
2862
7668
185
1466
1473
9630
2450
9328
2654
6373
4450
2037
9839
330
6628
7099
5828
8285
2334
8656
1290
266
729
4870
6105
9493
6492
8302
263
5627
7121
8026
3981
9210
2667
8923
5638
7641
5276
4940
7018
426
7432
3379
2392
2252
2364
947
8158
4815
7959
7787
730
3068
334
3584
4227
9896
6019
7911
3021
1900
9027
7504
2315
694
7711
2707
6193
104
7435
5398
2935
9877
6741
4026
7138
6446
8825
2393
8593
9881
2677
2581
5031
7533
8897
775
9245
8407
1381
336
3294
9224
1446
5352
57
9976
600
846
925
7013
7367
2674
1576
5413
7378
4368
5476
2747
3382
9195
5607
3794
9264
2051
5845
2041
8495
9238
785
4362
5973
475
8370
6540
9727
3665
3800
6129
9547
9299
8794
3874
2224
5101
4194
4489
8155
4070
519
6241
7039
1318
6584
3476
8532
9290
1456
7469
7368
4502
1911
6331
5630
6896
5801
1375
645
6820
7438
3490
4400
9465
5053
7208
9165
6797
6717
2596
7276
8921
8615
5599
7100
6865
6827
7654
2647
6527
4086
7263
6932
9179
4700
3067
998
3767
9938
8607
8276
6518
8182
2203
9394
4820
6811
5439
6597
3243
5652
5530
1104
4077
2129
8411
7971
289
3426
6440
7024
9855
3598
2910
6612
6231
167
1952
6076
7847
7097
6240
6358
8154
1417
2909
4116
5042
5355
5751
1962
7967
3603
2033
5162
2874
2740
3678
3578
5311
9140
9004
2409
3861
918
1958
1501
7178
2357
8464
8401
3836
1030
2011
4621
1556
7246
2098
3569
3385
9943
6719
6318
6911
4087
6460
5861
3462
8170
9139
5674
6209
5598
4038
8901
4380
8485
2626
570
6330
9840
2546
5873
7976
1484
2766
3650
6251
5033
3029
9657
6854
1715
6365
713
5526
2885
9916
7101
6824
9213
4083
7573
3435
2640
9198
7239
4060
6421
5953
8187
1983
7902
2177
3525
164
169
620
915
2013
2641
5138
7670
404
6966
5826
6707
208
2105
2135
6952
1502
8937
5243
3447
9400
3175
2526
4114
4738
277
7763
5574
1616
4646
1345
1139
3889
4406
1998
5887
4871
5639
8659
1507
9254
8799
7954
2594
6094
981
5566
1651
8600
8229
2878
275
7262
7588
3164
777
1747
9352
7313
802
7108
9357
2090
2142
139
8476
3188
7501
2159
6455
904
5204
8159
4290
5736
668
1884
7974
9602
5747
6949
5816
696
5732
1565
2089
7020
7386
6784
3993
2475
8406
331
6153
6545
3558
8666
5896
4133
1731
1111
5480
779
3674
6974
5026
8687
9287
2779
3393
9541
5304
8252
3432
1113
70
6355
7476
8524
6161
8352
856
6297
2503
3424
5991
8257
5655
6852
9801
788
866
8878
5558
2828
1149
3669
9401
4353
8481
2240
5421
3112
9419
4692
4569
9168
9486
9030
6957
4376
3149
2363
5077
7764
1999
9120
3464
6500
1787
6451
306
7373
5346
5131
215
1885
1300
7790
8316
5259
9892
1122
9487
8613
4311
6311
9535
7986
2864
3287
1062
6900
8305
6754
5538
8726
8454
5929
5534
5433
7003
1826
8590
7752
4151
9306
3907
5791
2484
2404
1923
2898
4009
8872
2204
5356
7649
5930
3857
2818
2689
3122
1665
6192
9560
5959
6413
3898
3391
1480
9285
8430
4137
477
6678
4953
428
2607
6441
6978
4385
4303
9340
5074
3704
1951
8699
614
9871
3573
5932
7400
8185
5037
6332
2350
4607
7109
113
621
8245
8360
6956
3169
9259
2169
1918
1822
1037
6958
20
8879
9308
823
2122
8368
810
5288
8059
8644
6221
1839
5633
8800
1283
6419
5492
138
7933
5269
3328
7880
9504
1560
4390
3070
5113
9383
7200
7057
1586
7148
933
9950
6183
6397
7769
8361
7404
8693
2705
5893
6868
8732
8459
5867
9241
3300
839
4803
5653
8707
441
4956
9055
3858
5043
127
2989
6979
7990
8702
5158
7882
739
8912
8340
163
2425
3749
8920
6474
7771
7261
6968
7194
8834
6345
1624
4348
987
1088
5580
8196
2721
8073
1313
506
3640
9236
6769
5697
5089
3875
1207
3333
2435
3893
8371
4625
3930
7125
282
4190
9069
9022
4943
9775
2049
7422
4667
862
1528
7969
5178
124
8526
6341
44
4100
8123
3386
9073
9627
1750
723
9597
2474
4697
9334
7409
4517
3360
2912
1997
2630
4389
5395
2563
7768
4896
1719
9494
9669
4533
706
2201
5087
7304
1258
7784
3419
5983
9802
8106
8634
2608
7372
8824
6164
7280
4395
7700
5309
1302
7223
9650
4394
9631
6098
2972
2423
6681
4216
5268
8082
6045
6150
7273
4707
171
3159
4427
9728
112
871
2822
3491
9964
4910
9341
1467
5570
9665
3939
463
5712
5967
5882
182
4993
1848
1617
6143
5445
3082
9927
7093
1050
3671
9087
9366
3363
2196
8503
8873
3207
3666
6892
4028
6625
5351
3404
1990
3728
7225
268
7112
3394
1858
4085
4656
3789
2285
6049
7307
9561
887
675
8325
210
7694
5727
3886
8078
845
8129
9686
5122
7391
7117
1521
551
1281
3009
7535
6395
5508
4479
9760
6211
4547
623
400
2652
1479
3906
8373
7286
9904
7403
8817
6512
6743
6951
7083
9153
931
2184
9635
6853
3852
4034
1431
1816
7663
1518
720
7753
2388
4037
2476
917
4834
8012
5703
2657
8345
9453
2844
8885
2023
4144
4099
7122
5233
1832
2686
3610
9246
9794
9744
1818
5922
328
8008
5301
6908
9741
8588
3145
9897
6158
5404
7463
7091
8987
2015
2496
5911
7571
3553
9673
5410
1301
3425
9718
7868
4302
2366
341
1351
4548
9134
496
1488
3153
6177
2521
5880
6354
1753
9508
2920
6229
3971
4343
6551
2876
1195
6677
6980
6933
5099
1924
4572
2606
2014
5495
3305
8657
4315
8222
6038
1294
3148
9391
5608
1190
6302
4413
1940
83
1250
2490
6059
3190
7334
5450
2296
741
7754
8560
1132
4702
4981
5371
4111
7589
4299
2534
5753
9799
7344
7212
7393
8529
6353
1875
8241
3617
3723
2355
3176
4323
8647
7624
7346
9130
1364
2344
1198
4119
5920
9807
7215
6081
8047
5891
3463
401
8853
3055
9688
1047
2316
3774
8460
851
7191
9790
642
173
9178
8490
3370
3990
2172
6444
9324
4422
85
8390
4454
5505
714
7858
3609
6916
7031
3681
2638
3758
9339
3566
8601
9619
9762
928
5978
9704
8034
1045
4963
3315
168
575
5281
9853
7667
9114
8810
8492
8977
975
8028
1598
7233
9131
3220
3007
9010
1356
2860
5551
5100
3565
3677
6410
1096
2684
8828
2358
22
4092
5464
6135
8287
1315
6653
1637
7602
9201
4658
9488
2148
8714
3189
4681
2605
737
8000
670
2693
2025
3980
6287
8559
2681
3114
2536
5396
9033
3411
8308
9479
4477
6669
1529
7298
3638
6631
4965
6988
869
2124
7094
1716
7038
7312
3019
4059
7702
677
8054
4821
7722
3083
8156
5050
3799
8946
1771
7619
9374
4080
7610
885
8748
9639
980
9147
4728
6508
7324
2181
224
9470
5989
8151
7630
6859
8791
9747
5663
1197
4825
6599
5899
6380
2221
6267
2759
3234
4499
7778
3802
6162
3579
8036
3523
9679
9991
7075
9378
6785
8904
5939
4557
3686
5477
7462
3690
6394
5819
6015
8350
8870
8157
1415
2120
1379
3272
1360
9000
1630
9067
415
1199
2623
3834
287
3968
8850
4360
1299
8165
2194
6056
7453
9017
3415
253
2659
2162
5029
5057
4900
6960
3246
6478
1424
6069
2442
639
6977
9007
3786
6265
2834
859
5957
2399
9143
3292
863
8520
8716
736
2901
8471
1583
5105
7956
281
7681
5888
9628
2550
8194
3231
4641
3147
1701
6657
5927
3120
2824
2891
2132
7633
3805
1464
6416
228
9436
3471
7520
3864
4881
995
8124
2578
5156
5958
3849
3332
2144
9361
382
380
7855
2291
657
7050
8584
1916
6319
2993
433
8021
1909
3676
7383
5237
45
5537
6675
4690
2651
6738
4201
3080
1781
5624
9670
5834
7309
3399
5199
4330
9484
9600
5386
8906
7599
9354
8069
7830
6142
5749
6031
1722
3439
4983
7457
4429
7811
7315
4282
7576
2457
1757
2271
1385
8869
5702
6145
6012
7311
6096
2591
8455
8982
2440
2235
989
6260
1401
1173
9985
8838
114
1232
1611
7825
6498
4546
8530
6166
5952
2318
6770
2433
5499
1389
399
3604
8226
3275
6850
903
2045
6062
4286
8592
9537
8477
3341
2603
2175
9474
4434
3482
5581
4162
2437
8032
8587
4917
1106
5615
5125
2635
5189
4652
8225
793
9002
443
1005
8115
5051
5642
1489
50
8403
2979
3560
2719
1102
9042
3984
5209
7761
4864
7325
6028
3709
8976
9024
7993
4063
1542
5453
2894
9053
6055
2956
8349
5454
4892
3126
1941
9818
2079
2507
3081
493
5049
8178
1627
9660
4101
140
2152
9733
9150
5252
587
6189
6552
1266
9262
3037
7398
7917
1289
7638
3867
6712
1813
5965
1218
1780
2274
1406
5055
7980
5759
2720
3947
9935
5097
5610
2359
3486
7134
204
244
3451
843
1713
6107
7222
15
7485
4936
5241
8409
1877
89
6836
7397
262
1114
7874
3788
3268
5919
3695
3133
5769
2613
5545
2171
2889
5308
2625
7714
3652
9113
4178
9337
3950
8461
6226
1879
2295
2168
7618
8510
5448
6196
2361
3509
7151
9309
8745
4797
4592
8102
2360
7658
3644
259
3822
3745
3336
2253
3912
1260
5665
9999
7805
378
3252
5669
879
2553
6406
8900
4191
4663
4200
3527
5692
5025
9556
362
3045
1949
1535
55
8251
3317
4109
2146
7988
7725
9122
794
6990
5892
6611
7340
5670
4827
4862
4289
2789
4309
6147
5444
5648
5675
367
9183
8497
6878
9740
874
8767
7896
6386
2831
8533
2275
8057
2528
4124
8183
2028
8585
700
6659
4260
4784
2941
2183
8168
8525
882
4945
4786
521
6511
1655
5175
2055
6902
4419
7927
8535
7892
9170
8775
8621
5139
4501
9189
5307
9551
9693
4894
2676
6367
6913
6422
6636
541
3364
5009
5003
6154
8385
8766
1384
6745
4568
4638
4283
5944
3503
6676
8999
7746
9416
5440
6946
3065
5995
6619
2101
2482
4072
4346
4664
4000
4349
9099
7843
4615
2244
3787
7900
1893
3302
7483
4271
7173
5937
9830
7245
2495
945
4515
446
5361
4608
5552
8415
5392
1128
9878
707
9275
6672
7748
544
9124
4586
5793
5080
8871
2061
2265
1170
6128
5425
9424
1597
4573
7931
735
5473
9838
4722
9784
8990
2698
3271
6396
900
7260
2070
3445
5905
9648
8549
3239
4899
2143
1450
9963
1603
3241
7631
1631
2225
5461
4035
8327
8989
8275
9778
7648
2048
1837
5330
5378
1903
3448
6774
9574
2160
1543
3284
9684
4959
9126
8122
6662
5800
2915
3218
5157
1123
7936
5225
2365
7543
6920
9910
8270
5885
1330
4897
7448
2104
2326
8486
437
1031
2699
7465
1741
3539
8135
4064
7449
5220
9797
1778
5556
9571
9864
4141
4387
9577
7399
3381
5114
1934
2400
7180
176
2257
442
8997
1003
9440
4236
9662
8513
2149
6930
1915
9368
2434
4404
3903
2850
2530
7064
3613
9589
628
4793
5590
3816
865
940
924
8860
6680
9587
2102
9642
6269
8434
6670
4233
538
2975
111
4857
6262
1759
627
5041
9331
579
5716
5347
3155
5419
2027
8779
8622
8735
374
7232
9079
1306
591
8201
9271
450
733
6121
2086
6757
2047
4662
3720
7580
6261
1273
9142
4915
5854
3700
6195
8417
4997
9832
6016
6175
2773
9221
76
6947
6696
9552
9316
3043
3181
3761
9065
9955
7275
1725
5851
3624
9974
1927
5400
1648
2173
337
3862
4367
7080
4560
9983
3173
1649
8858
2066
1914
2696
2347
8320
7486
2810
2940
8357
8722
7945
8237
4463
4521
3405
4866
4355
3824
5521
5699
5300
4118
9952
6486
4143
4493
6127
7583
9672
4716
3156
3457
1841
8771
1752
1071
4514
8058
1821
2525
616
3011
4039
6312
4650
9956
7255
2939
431
7110
4329
1167
1908
473
8675
5993
7252
8998
952
5586
8264
3075
7791
4814
8978
7832
234
4655
577
5403
6495
9323
6294
9199
589
3467
3420
805
4947
3564
107
150
5001
8661
766
4970
2332
4565
7568
6536
9697
4974
5622
7661
211
4275
2042
6468
2750
7264
5366
9177
2064
6515
9301
4813
3753
3469
8381
7792
6546
3161
2289
1388
9389
4714
1537
449
8623
6801
7536
3266
8332
7817
6829
9608
2811
414
3737
6026
3859
6586
5583
1060
9912
2842
6812
4818
3738
7319
5462
6972
3359
7755
8161
9887
6731
2745
799
4994
4350
8052
9426
9699
5913
8414
3026
9263
9632
4243
5647
7970
4761
255
8931
1791
6845
5000
9905
7366
4858
4025
8685
8224
147
7341
7744
4337
2336
8297
2074
584
6288
6965
9931
9110
372
8463
4014
1396
1022
8926
2390
3909
2141
8648
9626
2732
3324
4676
767
7177
3330
4552
3634
4192
962
9532
5835
467
3502
7762
7481
9796
7385
1570
3211
868
7523
7250
3748
3442
3612
4840
8548
5936
7418
4812
4318
7797
4647
1483
8269
1533
4679
7126
7715
4177
7782
3635
9081
6691
4913
126
9573
7350
6761
5007
2227
8552
7323
7628
5755
8081
1410
6726
5135
5782
1667
9845
8478
5200
955
6437
2188
2114
3438
6561
279
819
7174
9250
2455
8627
4599
8720
3433
4424
3752
9476
8031
6730
3035
728
7115
9336
8911
3414
948
3673
199
684
3140
2570
4396
8984
9969
2938
4620
3916
3362
1267
5193
2121
6021
7539
7719
7204
4007
2984
784
6959
2812
8230
121
7773
5706
2788
8300
2923
6133
8233
4856
1504
4049
7259
1967
1229
7353
6467
3089
2582
1942
5645
899
8380
2746
4148
1474
4164
8649
2016
3299
5589
5659
9592
4542
9307
2947
2733
6835
5904
9986
3741
8399
2908
2286
7058
5253
8842
2126
472
1219
4835
8859
7336
5735
3342
6883
4575
7283
4923
3596
8893
7000
9569
2960
3281
520
6997
3542
7804
6701
6017
7757
2549
7841
826
3004
1443
2718
5617
7473
7553
1405
425
9293
6061
4435
2519
6616
7226
8046
7293
1714
6866
7656
7439
4559
9311
4627
7590
5136
2436
8786
8319
2587
8359
2731
3461
456
5715
8938
3253
6217
221
137
2408
6202
5745
5643
2616
1749
2877
6780
8988
312
7380
6058
223
6567
4379
3932
2402
9052
1634
8431
9970
2586
8197
2468
7010
4247
2243
5612
1860
4925
8066
4196
4102
9310
5232
1711
4410
1220
7251
2688
7678
7308
8088
9059
2914
1147
6025
1065
7358
3627
8738
1314
9937
2279
4308
5509
6834
9162
9071
6239
2412
7278
2790
5455
302
4244
9859
996
7684
6565
2642
1150
5831
8961
5214
2943
539
482
1751
2094
2609
9498
5897
3368
8932
1337
7741
5272
3778
8405
4375
8293
4712
2215
5619
229
3967
5247
9297
9001
6326
3577
9032
4095
1108
9325
7351
4971
9197
5678
3782
9848
4405
9530
1513
5553
1155
1117
4017
4528
9115
6794
3061
1320
890
6758
5102
699
5780
1548
42
8546
9252
4204
1674
8244
7705
1094
1468
3481
3430
3998
4359
5274
1240
5441
3985
9837
4987
1368
9364
9766
2866
9209
119
1517
3060
1144
1897
6222
4147
2900
4985
3178
6284
6921
2391
8635
3494
9988
646
5411
52
5056
883
9040
4773
9180
9049
9379
9489
6307
1217
3458
4644
8164
760
4126
6734
3533
5778
26
2619
9776
5762
7464
4438
8017
6349
3619
9204
7707
6582
4440
5345
4717
1772
907
2624
1099
347
4383
9023
1002
8924
9141
8971
6806
6208
3620
3757
8597
4266
7706
2063
4182
2368
4577
6374
9523
648
1239
9380
29
6645
692
8146
9761
155
8211
395
9658
4863
5710
3263
8763
7500
610
6322
828
8068
8113
5684
2798
1921
5543
9267
1853
9332
2292
5402
3248
194
8236
8355
4847
3202
740
6513
4338
3377
7789
1767
2998
1809
8836
1774
3879
5359
3296
2958
6309
299
3470
3216
9096
2156
4334
7585
745
2548
7981
2277
8303
3900
3390
465
9638
8889
35
4544
6830
6429
3651
2755
2794
4503
8933
3956
8040
8792
5197
4306
1312
3384
9788
8200
7096
8880
3715
9461
660
28
4431
4523
5449
3054
464
7542
9685
2345
792
6169
751
2703
8910
5256
4545
7859
4511
1034
1805
5914
8852
5022
3616
3853
2036
7869
2251
4808
9823
6475
6479
5742
2460
9919
9512
7612
1969
8076
9080
5478
2691
761
9329
3143
5379
6118
4677
9278
6438
9035
6348
3952
74
6778
1536
7207
6424
825
4407
5658
9846
3905
8250
2331
4107
7893
5875
9909
3873
8801
7561
3791
1477
8793
4713
9058
8049
9223
3058
5283
5916
4475
9651
7710
3095
2446
830
7801
6170
9511
9906
7147
5734
8248
3223
2193
6458
385
9757
1172
4217
5890
7565
3306
3532
7798
6524
6488
6533
5048
1193
3446
6430
4139
6831
7926
5714
9101
3417
633
6141
5093
1779
5711
7987
5416
7966
3775
3776
7175
5844
7077
8942
932
5373
5810
7043
6411
8232
5273
3346
240
2179
2001
7696
3583
8304
30
3957
4222
117
8366
8676
4369
1950
1668
7998
1842
1803
2843
4617
6692
4255
630
9849
8583
8728
9736
6119
4509
5945
5575
6102
6855
9117
6258
7285
7477
8117
7456
5740
6002
5673
525
5151
3269
9618
1515
3806
6004
8347
9842
1594
3780
4252
1419
335
3703
3303
9490
5514
8737
4699
2050
8346
348
6613
2678
4805
9041
9978
798
7908
7989
1756
353
3983
2987
1801
6622
387
7962
9159
8098
8721
6725
8273
4888
7634
4108
1981
8527
661
4711
4861
1730
6278
3929
2165
3667
5290
5299
9377
8521
9054
5555
8260
3310
2634
8142
744
4170
6601
2906
1175
69
7471
1264
6607
7214
3024
5641
7272
4011
109
6910
7408
9809
5071
5917
4267
5649
5987
7544
3711
5511
368
3949
6064
8443
6093
3372
9255
4115
63
6694
765
4595
1955
3865
7549
919
2176
8665
9828
2111
5758
5202
4645
7480
7049
4293
8768
6088
7891
3675
9253
5548
6589
2301
4490
598
9694
7210
4173
9518
1820
7248
7055
2260
2367
7555
1453
2556
6324
9314
1093
1374
6032
8342
1652
6815
2282
419
2643
1491
8654
9997
170
6388
8193
3866
827
4159
4605
4331
8290
8883
1532
5539
1261
3245
2341
8734
5196
247
1777
7310
8631
523
1326
1327
5519
1107
494
1285
4787
3285
2354
1580
6869
4744
3540
5667
5251
7033
7041
6574
2071
9901
4488
6431
6823
8784
1416
6123
9006
4817
9982
8819
7467
5605
9979
422
3845
7703
8688
7054
510
9207
3908
6200
8698
3407
1145
355
9192
8326
9315
3969
1734
156
5494
9415
9888
6359
6471
6618
8148
3237
3911
291
2881
6906
8191
3611
4991
9722
227
3730
5975
1363
4765
5002
9643
6624
3707
9903
2348
2241
9135
9908
5154
1959
1275
3926
3205
8335
9666
5364
2003
9748
3508
5613
731
6215
7597
4725
3623
5869
9607
8172
2389
1870
8420
3369
9478
4045
3726
913
7688
122
4643
6521
8051
303
3940
3696
9606
6610
8062
2717
8265
3376
9381
157
5339
6506
2706
5820
2416
565
9429
7975
9528
894
1882
1808
2008
3751
543
7179
2552
5170
53
5420
5870
237
9714
6432
6120
4795
9430
8662
5155
3497
4984
6504
1654
8104
8234
5370
3978
2768
9413
7953
2445
4378
2919
1635
8281
8610
1246
1599
2679
7820
6029
5159
8375
9098
9678
6014
4660
6083
6212
3719
5577
6491
5503
3456
3398
8892
5846
9182
3134
1705
2273
4180
9412
7406
3397
814
4274
7429
6882
1919
7621
11
1782
2337
4583
1526
3473
6350
8715
1213
1006
897
1163
8014
2664
3572
5757
3213
3387
3591
9443
3474
6637
7545
8884
6715
9973
5722
1641
7444
4709
9981
9954
5908
8169
6236
4242
4082
1068
7827
6704
5497
9581
5163
8820
8881
1524
7963
1590
7559
5295
6724
6871
9425
56
3345
3326
2539
7202
8162
9181
2182
7569
7299
8090
4885
1499
5169
6698
3595
9090
7213
2117
9540
3855
8523
7295
8963
5431
2116
301
5731
3510
3645
6225
3948
3380
2237
1295
7717
6334
7495
3661
322
2893
7238
9668
9550
6964
3194
9097
5721
6793
3025
2407
2726
469
2108
5796
151
7824
3518
217
2130
2258
3691
5305
4907
8206
452
2226
311
3919
2198
8215
7575
3327
3937
6103
2328
9282
5623
9111
8705
3106
8393
9376
9620
6138
8733
6755
6009
7939
2010
9751
5625
3571
1085
8426
9302
1205
3544
4445
5067
6316
9125
3663
8922
5427
2665
5960
6364
908
2030
2052
6632
6263
3224
3347
5730
9820
6804
3059
7186
238
9789
4852
7348
9975
1359
3995
5381
9696
9008
3618
3964
5060
8356
3979
2068
8708
9712
4972
8683
3229
8781
4249
5783
1894
5130
9717
1372
7992
5682
3166
6893
6336
8291
1788
4335
5244
3179
5994
1729
7506
9695
7627
1933
235
2032
7593
2565
7906
1082
7363
7402
6779
686
2887
6052
3922
6404
7737
4596
1017
665
4809
1276
4580
191
5628
7430
8954
1457
7940
9082
1834
2444
9900
1890
9322
8939
5946
9590
8119
7365
7235
7662
7508
605
9872
4449
9595
2099
8638
6079
4918
4922
9715
7169
967
6247
349
366
7046
8467
8773
6969
1632
4832
2499
7863
4591
2816
6194
8045
421
3766
409
9083
2438
7107
1559
7268
1910
4265
2551
949
7930
7443
8577
5964
1091
2856
8620
2888
8696
842
6097
5134
2825
3554
5934
3312
216
88
6190
7720
3892
1852
4976
9501
6648
2228
9092
3994
2492
2426
2760
9752
7912
2060
1420
4097
6351
3817
2340
9414
8692
7598
5266
1564
1463
4781
9596
6687
6499
4461
1802
6248
2053
836
8804
4432
3504
6751
4460
1248
4214
175
6361
6923
9218
2502
4254
4719
3034
8016
4131
5950
3962
1954
601
1441
6005
3193
4973
2213
5344
8890
3576
2627
1889
4561
1851
9471
5424
9482
4860
6237
3073
2600
5068
386
6654
3361
8565
9149
6075
673
4727
6560
2697
5774
327
4281
1538
5485
1688
4720
5928
5203
2618
2969
7726
8338
1553
6109
8993
6722
2112
7498
8700
704
3455
3028
2081
3357
197
4325
2380
3897
6530
578
444
4084
9160
1567
7839
9565
9572
5094
2524
9705
4231
4671
1523
1178
8913
6993
6346
8125
5694
9294
717
1262
2506
4898
8940
545
7171
8358
412
1550
3436
2381
1438
7932
1519
1237
2187
3765
4886
6371
3113
2820
9434
5127
3646
2945
292
891
9348
6808
5918
2439
6936
1387
9105
5546
8163
7460
9152
9570
7727
6210
5126
515
1361
2471
6473
878
5602
6008
4906
5909
451
4361
7704
8120
1391
1323
4778
7835
6655
2809
5568
2863
3374
5079
5226
5621
4155
77
1019
9206
317
365
8315
1056
1044
3921
1434
9698
6709
6695
3416
7777
6442
9860
5337
6290
1180
555
3062
4120
6110
7060
8029
2464
7258
226
1516
966
4822
1675
9014
468
497
6071
8660
490
4582
2321
142
2494
6925
2911
6493
478
3972
4391
8449
2267
1600
2385
8186
7228
4174
1686
1224
1646
2784
2739
853
3468
1032
4373
9407
86
3901
1455
5524
6132
2954
9106
7785
4482
7935
9128
8041
3177
6857
115
6372
5812
1707
8555
498
7030
4831
79
9613
746
5823
3454
2569
1081
4494
6285
8673
3567
6101
7524
7301
8388
9086
3771
8374
8945
1057
6839
8218
9918
4522
9187
2167
6010
1660
3001
4024
8947
6144
9203
4919
61
7607
1018
4207
8421
6179
1296
7454
509
8456
7973
491
8757
8133
2058
2566
5302
9588
8180
7184
9764
8966
1623
231
359
1671
7890
3291
4453
3340
1350
7296
8808
7436
9536
1340
9043
1067
6973
718
1798
3647
9992
8695
8404
9526
7306
5746
7548
8866
1539
8108
3615
3797
7140
5841
1932
8518
3850
1621
4740
816
7776
6126
7665
2302
6531
2851
2057
1664
2327
1677
7370
8599
6963
8043
3801
4218
7818
9172
8283
905
9276
6080
3545
1614
4739
7699
436
7247
5889
6063
5996
1269
4758
9519
5540
8711
7712
5523
2233
9616
8152
7086
9725
3295
7437
4154
6230
9398
3927
4948
732
7132
6173
376
6950
1789
8263
5326
2140
583
716
8953
5618
2867
4961
4911
938
9018
4639
3830
4
2448
3472
8243
198
6764
8103
3512
7647
2666
2868
3783
6391
9326
4590
2262
1109
3434
6735
9457
1161
9013
9431
9396
4198
6068
9546
2478
9248
791
310
6167
4882
3999
1508
3261
8727
1871
9575
7193
8195
6718
2035
3167
647
1291
7925
4206
1530
6580
755
6046
6011
8096
3841
6994
4624
3453
1394
961
8271
4061
1120
408
709
9966
1010
3770
3513
9418
1795
1678
1763
8550
6763
242
8681
3888
4759
6661
6605
6298
9274
222
1118
2520
1470
8462
3492
7320
7800
3000
5216
1369
3214
6279
4698
4322
4130
5481
1376
7143
9926
6702
5095
4558
7069
8322
9467
1444
8755
1192
2107
7287
2714
698
9319
3811
248
5902
5082
1154
2872
8105
3637
6449
5604
8724
5877
4686
7243
4012
1231
4865
1235
1720
5081
4530
5245
345
8267
7829
5849
5657
6650
1930
1493
5802
8581
6445
5016
7695
4251
786
8909
1544
4469
921
2501
5340
3309
3519
1033
1487
3116
5369
9317
5278
4230
8851
21
5294
5167
4929
4587
2333
2284
9464
979
2671
6024
2002
7302
3077
7335
2300
3052
8568
356
5785
4824
5458
9261
7522
8639
1996
7664
2786
9680
4830
7217
6245
6558
4842
770
4181
4015
4585
3614
1226
4018
1633
8591
3798
5110
7680
8929
971
2757
7666
1974
6087
33
6633
9230
7586
5942
6640
2637
3868
2541
9229
9483
6556
8765
4495
6682
719
831
6792
3639
2803
803
8074
8849
960
3032
6941
6807
9825
861
1336
8048
3960
5319
1859
2083
8874
5654
4257
7815
534
1948
8868
9393
959
1806
808
5327
1087
4452
7395
8208
875
7636
911
6699
3184
3941
4277
557
596
3038
6235
1409
1028
7679
1029
5152
3821
3128
5562
9497
4168
1025
406
848
7685
6104
4134
8667
2451
1184
7488
5187
7017
8751
8636
5291
3348
92
8813
7942
6271
6822
6227
9161
4951
722
1591
690
1973
6453
852
3856
1451
1495
7342
7650
4272
1215
8344
4960
2531
8770
9817
4451
152
2283
8861
1938
9428
4295
60
1584
8060
9980
3098
2523
2469
1733
7550
3402
6975
634
3293
4209
2723
5701
7943
2595
2763
3923
9857
8447
5195
8739
6970
8730
7027
8422
6575
6503
5096
9226
6238
612
1710
942
1776
4352
4549
3548
8203
4157
9726
3837
3684
9433
7538
1214
4875
4609
4468
2510
4423
9843
6996
1200
1552
7639
982
206
3227
9387
9164
4909
3142
3555
528
7376
5468
4770
2869
8614
82
5863
7136
2195
9659
5768
1142
5044
2540
6457
6501
2038
4321
4771
3689
1847
2973
2574
5336
7609
697
9260
7451
105
8442
514
4853
5428
8255
8085
8410
2543
7019
8682
9075
2845
6516
9522
1717
2670
3401
7442
4020
4483
5493
7837
3118
5317
8761
5005
2724
574
750
6001
7606
4001
6328
1339
9585
3621
1588
9601
1656
9138
800
1251
3793
455
562
8994
2280
4902
4762
326
5191
1980
8609
2137
5515
219
3286
5998
6368
7111
1449
9011
963
9772
1249
4288
5190
1735
6929
3528
6151
7713
4123
6630
6686
1943
6766
9814
4683
4777
7159
1883
2230
9057
8626
2339
2133
6255
1977
9962
8465
1963
606
1241
9234
7352
3085
3562
2263
3137
9539
4531
8934
8272
7747
370
9217
682
8500
2942
1626
8571
7961
5120
5257
2324
4619
8580
47
2538
3881
2836
9454
5941
7854
783
6338
2397
2427
1342
1928
7914
397
635
1348
4715
9902
9194
2764
8645
3320
4950
9102
6275
7157
1230
524
6381
5876
453
3319
3827
3891
3819
3951
9558
5898
6514
2362
6172
7142
6205
9920
5921
9793
4978
6998
6163
9947
2957
2372
7978
4942
5695
2964
7929
3322
3185
687
2558
780
249
6720
7759
5949
749
9363
1038
8444
5924
5770
1280
537
5664
4935
5787
4261
6436
2738
6629
2351
8811
8704
8975
2092
9166
6568
4682
2115
9088
7691
7653
3017
5418
6742
8395
2308
411
6674
1797
1390
476
5986
9770
2313
1329
1961
8494
1643
6462
3129
2918
5422
3592
8928
6954
912
4800
6596
7231
9636
4757
1422
23
1929
8983
5331
573
6604
8502
5567
9408
7834
8274
8796
7848
3162
619
585
3408
3657
9265
2294
4926
146
4239
9875
4364
3460
1054
6663
1687
5671
2614
8914
8995
4623
360
6114
3890
9094
7007
256
7162
2951
9709
658
8918
5217
7407
7640
9798
4448
2990
3459
2113
2465
5061
5133
1011
7198
8474
5442
4763
4310
5933
5522
8905
1097
5019
5072
2713
2205
1095
6571
2411
5212
3008
5894
6768
533
3409
6323
6986
2583
994
3022
3582
6125
1168
643
9158
4767
4977
5676
4172
3170
5183
9563
3276
7687
8594
9208
3928
294
5017
4456
7795
4594
8025
1392
3466
8384
2902
7025
884
4175
6281
4106
5629
829
5947
5809
8725
4301
466
2076
934
7190
5194
9300
4750
4578
2913
257
7511
771
1829
2293
2795
8680
6286
3547
8181
721
4520
4748
7074
5219
8746
6953
8330
377
5161
6879
4678
7331
2837
6856
3141
325
8128
5289
3187
8160
5382
5974
1935
7941
8625
9930
5318
9466
9835
7197
3321
2804
1833
7329
797
9949
6450
1478
8318
7318
9235
97
556
4873
7819
6555
6039
5500
8854
5728
7009
6393
6703
3552
6641
4635
6901
3487
8894
6795
4535
8114
8279
5171
8383
6750
946
9163
3078
3256
976
7840
8143
3668
3842
7915
7042
2542
495
7015
6705
1271
8336
8795
7676
6472
6067
9928
5306
9917
6875
576
2853
7484
7447
7114
8313
8382
6315
3784
3192
4220
6249
6739
369
7044
8970
8428
3670
6639
9559
5865
1534
5767
6301
4710
5510
7379
3495
276
2059
7314
9118
6872
9231
4776
398
8440
2985
1987
3343
2298
8848
3954
2662
7918
7780
970
7267
8379
7131
5329
9404
507
8072
8084
9384
9625
2441
7562
4132
4966
3226
1041
758
5069
8917
844
595
7412
7021
5748
1709
1201
2883
1234
5035
7813
1490
2598
3489
416
8540
9911
7734
3974
6219
5491
6428
7452
6482
6272
2840
4884
6914
795
6799
1058
5293
7167
1287
9791
4969
225
4851
7733
3157
9093
4593
9050
8575
6905
201
1812
8902
393
9753
6234
4386
1663
75
3443
7040
214
8219
5008
7384
3012
588
2821
9344
9941
2921
1086
5182
2695
9580
6553
1
837
2848
459
8640
3367
4436
9851
9137
5205
1187
873
9039
9824
1976
5693
3230
6861
4780
7867
9356
3240
5700
6665
2852
5397
553
102
5436
274
340
9205
1015
6685
7338
3485
532
9706
7102
2232
4855
4457
2458
6171
4513
5595
9936
4674
4555
2145
1817
8814
7001
1189
560
3031
4297
1592
1800
5542
9604
9103
1799
1182
6529
3018
7552
7066
973
184
4381
9359
1758
6206
5915
6465
4996
7626
427
78
2649
7876
2428
5525
1694
2815
136
6621
8323
207
2823
2370
3537
2396
5092
3465
3478
5771
9347
1783
530
2031
9451
357
8309
4319
9452
1247
6037
7822
4112
166
8512
8655
338
1572
2453
8974
3297
4312
1891
160
5408
6402
9068
9330
9533
3736
2269
6772
7622
611
1690
3046
5129
7596
8528
8475
5121
3244
567
2841
5498
2532
7
4051
9355
3016
1073
1171
6544
9886
7567
46
1395
3871
2369
5926
7779
1119
1845
7362
3383
3444
9200
1693
650
5717
1764
6417
8604
1872
8011
9432
457
7487
8130
743
8093
6291
3938
5349
9808
3959
66
8514
1298
3795
7023
6156
6846
501
7581
1349
6727
2504
2424
2749
8015
7189
7540
7632
2577
4140
9690
2962
245
4040
9472
4752
9895
6708
6117
6310
1695
6833
3818
5447
2297
6890
2675
4695
5906
6825
188
293
6771
6955
3131
9899
2896
8489
3493
2728
1587
2163
1582
9865
4161
3839
2020
5333
3511
6342
1866
6904
6401
6485
1901
2281
5925
8150
5380
4782
3516
8214
5992
2826
4437
1165
8985
2384
7183
6898
5680
9738
7241
6907
4792
8184
7029
383
6497
4618
2174
7416
3418
3069
2430
7968
1607
9305
4091
4246
4496
1991
5573
8712
5536
6549
1004
6885
3933
6035
8652
626
9850
7047
6838
3086
7361
8339
4415
6693
689
603
1574
1263
990
8441
9599
8331
3847
8092
1292
5836
4872
7188
3526
678
2575
5593
4668
7139
2330
3585
747
32
4733
4962
4706
2069
4539
4189
284
7071
2800
1208
7291
2734
4465
3844
5976
1811
7332
1906
41
3605
1913
4779
445
985
2754
6007
5490
7921
1001
9475
2211
4878
2971
9641
8277
7899
7507
4069
1098
535
460
9345
695
4796
3641
8175
1159
7434
4908
2483
9405
4833
5857
8887
394
9889
5766
1334
1612
6224
9132
8479
7382
4506
3804
8121
4053
3063
4518
8416
9767
5389
8534
5764
1965
8387
1309
9190
7985
889
4480
3298
4473
3475
7124
4223
5756
2663
1009
8097
2353
1968
6753
3020
9730
8055
615
9513
9998
1742
7885
9834
6690
1061
1661
1886
3760
2571
9542
7526
8317
7671
6559
5518
4377
2708
7833
2712
1856
4723
7732
9215
3918
3541
7414
9939
2560
5776
1920
8310
9700
7623
3733
822
8099
2854
1475
6523
7796
5144
4562
5390
9689
9047
2588
3682
8190
9148
2529
4903
3812
2234
2859
8482
8772
5451
2040
850
4079
6593
407
655
4527
4347
6740
9876
5775
4669
6065
6881
654
1546
8314
6253
7603
2299
4478
3093
3280
9971
2976
4472
1272
9442
6569
3289
5931
9505
2488
1447
5691
9044
3699
5719
5763
9441
914
5165
5878
8672
1124
5824
7321
1514
5690
4606
6399
6400
3480
6095
7525
999
7620
5104
2838
9806
9827
9127
7587
9742
8242
9829
3655
4708
5603
7387
1786
5038
2422
6689
6340
8960
2977
6595
9731
9771
1063
4071
4811
4358
727
1347
2223
4279
9953
9710
17
4316
6961
4388
4964
434
5738
8436
2209
3833
5367
16
8398
8262
6122
5142
4430
1855
440
4304
7806
3633
1971
824
3042
2024
3228
3535
1080
2136
5560
7146
6796
3217
2701
7461
4705
6944
2797
9557
9458
3970
5750
6296
8831
7145
7718
6020
951
333
7070
4008
2709
8487
7098
3991
5564
2017
7271
5168
6623
1640
1615
667
2991
1305
2992
2636
8749
3396
1618
4397
941
5172
4205
3251
4986
8624
5028
5760
8936
5438
3270
9702
9734
8908
1325
8083
9373
7227
1666
5565
2970
4992
1245
2952
2255
4439
7735
4912
9491
6013
9656
8729
34
8448
5111
3100
3747
9852
2398
8839
7677
6216
6615
4066
5972
6130
8941
8845
5479
8865
5872
300
9914
6106
3334
9037
4019
6634
9468
9258
7337
9915
7428
200
7531
5557
7775
3109
6000
7176
4532
9765
4574
8556
304
6899
7347
9038
2084
5350
5971
7572
2127
7172
5868
5686
1324
2736
2687
4498
4628
2405
1601
8280
174
4975
1194
5279
4684
4751
2778
5242
8389
3840
1026
9220
6304
2192
2622
381
3829
9104
5452
2934
9873
8551
7772
5032
6667
48
7558
2128
6594
5544
2151
3556
6919
2974
4273
4807
162
7427
5813
4554
271
6476
4221
7591
3180
4121
339
6525
9996
1726
2309
3104
3325
25
8109
3882
4078
5145
8952
5322
4916
1380
2702
7330
5781
2096
4636
8376
3813
6036
2648
320
4685
6418
9342
3389
9754
3643
625
9456
3563
8199
2545
2819
5010
3739
5124
3208
8630
4287
6668
5109
8067
7856
8009
7244
8516
8258
5236
5146
5353
8334
3349
7277
4005
8835
4529
3079
991
4234
3132
8427
3102
9070
1183
7022
902
4195
5483
6382
1358
2555
2741
4743
1593
7683
6283
4673
2429
9462
9677
1743
1838
9295
1430
8895
9171
3904
5858
8959
1738
135
5166
9958
9056
6578
2661
8618
4103
1257
1046
5372
9005
128
8697
9021
4492
267
9492
3413
5234
6139
2839
1960
1575
4704
6086
492
1066
9885
7615
5342
4629
1610
5821
2576
9268
8306
1110
6646
5013
6409
6985
329
3197
8754
7646
1366
2216
5140
1152
3151
1023
6
3680
9884
1994
3529
855
8962
5817
3746
4675
7127
8
5058
5940
1052
1854
4269
8140
1053
2379
5465
1131
6232
6198
9529
4420
4665
4058
2882
6415
3255
9594
6851
5685
314
6666
103
3781
8433
2342
618
4508
373
1902
2157
6787
5472
9924
2349
2463
7810
4564
2214
5298
4791
1343
5286
3422
5106
9667
8311
8709
3329
8137
958
6917
7889
9338
2650
4022
4654
5405
1964
5943
1126
1644
1869
4989
613
4371
4314
1210
108
9804
849
3110
6320
6454
6538
571
3103
2871
3431
3887
4755
149
1307
6213
8803
6477
5103
7120
4152
4769
2387
1494
944
1225
405
6427
3581
388
2716
4013
2044
6895
2646
2847
916
1179
820
1917
2890
977
5254
6295
2078
9145
2401
2730
5733
6140
8802
8684
1638
748
2944
7089
4402
3356
7957
4904
3304
3672
8227
9399
4016
6713
607
2547
9815
1970
1745
1222
1407
2653
7459
6760
6363
8778
2306
768
7357
2592
5815
6535
3924
9898
3010
8916
3339
3953
4443
3115
6918
3966
6376
8231
5814
5797
1140
542
6134
4550
9553
3685
3743
2513
2903
8419
8509
315
1156
9707
9763
280
7765
1077
7673
1007
7742
7305
8780
6207
6609
9133
3084
3350
796
5098
6877
488
8053
9473
4541
6714
1873
1867
9211
8018
3027
2480
8812
922
5549
3731
857
6385
9759
787
7005
7995
8930
2835
2830
9119
9157
1571
7375
2777
2994
8144
9212
2395
1297
5661
4850
3483
3654
759
1744
7698
2383
663
2249
9175
9448
8710
2026
1944
9304
6798
7104
7012
2527
9169
12
2420
73
9968
5078
9237
258
3944
2533
4326
6723
6940
1426
753
8506
3632
957
6711
8261
9720
4764
8574
3168
923
6683
9469
7326
9653
4320
410
1370
7521
8235
239
7440
180
3121
1972
1562
6651
99
6459
9777
6542
9942
2007
1386
7206
2161
9167
4416
2751
2272
5270
9883
2791
5052
6452
8958
2505
2955
189
5634
232
7901
5848
6706
8147
3756
5513
5969
4210
9691
2905
5047
5644
7983
1265
1498
1206
5752
489
5487
1922
6752
6034
8847
8365
8111
9280
7758
3838
2704
3779
158
8167
5474
8473
6579
9867
3072
1020
1823
9781
321
6051
7161
6572
9123
1794
3570
8642
5192
930
2917
9009
1151
3705
5954
8247
4179
2515
7749
8646
133
1064
9534
1181
5475
4736
1344
7292
4462
936
6534
898
1127
2927
8238
4263
9654
7770
4163
5085
2656
3111
5137
3323
5507
964
1331
5090
7513
546
8424
7913
2926
5108
1525
2093
7059
241
8882
4651
6100
1153
8240
8619
708
7866
9661
8686
6108
3139
2744
516
7133
4307
2373
4188
5804
5147
1992
7130
49
3763
9633
7642
3225
2832
4264
1898
8822
2572
5773
4849
4183
3195
4455
4466
6786
4990
7137
7236
7888
5963
6728
5255
3265
7701
5091
1485
1024
1212
8221
9061
7689
1377
1748
3809
4735
5683
7394
5181
9861
1293
920
7445
2742
3902
3792
806
2711
5681
5496
7977
4497
5982
316
1129
3883
4589
3366
1680
2785
9028
1160
7904
6270
8202
3769
1414
4156
4500
4054
6218
6889
8731
4341
3242
8805
5088
2761
8968
8674
6463
5527
5176
3808
4225
4883
9951
3945
8637
9003
6176
5034
7690
3825
6360
1650
6174
5415
4345
1421
1814
3683
6489
9893
2150
7181
7182
1511
5021
5811
702
6816
7062
5457
9447
5391
4065
4212
8351
9737
5075
7199
8378
3713
2673
7651
7643
7546
324
5303
8806
8554
8782
9675
3235
9438
2449
8239
8896
130
4729
8903
3575
8612
4185
8002
2514
7014
5935
2487
7846
7760
5666
309
2855
2462
5984
5177
392
6276
5180
8807
8228
2481
9289
5830
4428
4944
2685
7423
2256
1828
3946
1243
1561
2222
5470
8496
8138
4284
448
7886
1092
1739
5231
9755
2904
5847
1700
3884
5535
4006
8253
7721
4002
3283
116
6408
9800
1578
939
8747
9640
3648
6403
5407
688
51
2573
2774
5833
454
2018
220
3721
2491
4505
6981
7441
818
9269
6649
2497
5985
7514
9682
3249
6716
6377
9510
5039
6620
3499
4447
7106
5637
106
4270
5620
7088
2229
3204
9568
4186
2080
9186
3144
4630
8957
3658
7934
8204
7659
1979
4783
8412
4597
7916
195
5516
159
1236
5679
5383
9481
8023
8864
7861
4952
5729
5614
5315
6507
1642
9109
6564
7923
1755
5713
9397
3599
5884
9222
4073
1876
2817
8079
9249
4928
8891
5446
6783
8469
6277
4328
1137
8268
10
3869
2802
6999
3219
7160
3894
8166
8855
789
3498
1460
153
4357
5798
8566
8787
290
3920
2219
9787
3828
7629
9543
2134
8075
993
9318
2443
9531
7564
815
3039
7736
2806
640
5388
1035
9321
8611
3354
2166
6509
8179
4067
7857
9225
1445
3750
1040
6182
4403
9692
4525
833
2189
2585
2421
6184
705
8573
834
1103
7144
8537
3735
8324
389
6407
7496
8862
3259
3997
2325
4313
5596
807
4203
269
9612
5320
3260
7739
7849
4398
5805
5635
2303
1403
9031
2924
3872
581
202
7865
1830
6006
2511
2580
4616
4219
9360
7063
2268
1888
8545
2668
5720
742
8065
3097
762
3123
2753
5883
3885
7674
2517
4772
8282
9972
18
6333
1563
7354
2584
7547
4228
4537
9858
3687
1605
40
9866
8569
479
3717
1793
3692
9485
9509
1371
6366
6356
3215
2218
2899
9961
503
5901
6308
4202
1936
4516
5132
5837
7016
6537
3660
5784
1810
4949
4914
2782
1699
1988
9439
954
4540
984
6617
5059
4046
5406
7505
4374
3531
569
4417
7266
5677
3136
3262
9129
1939
548
9681
592
8539
2466
8483
230
1684
8343
6608
5808
3982
8372
636
7045
5011
4801
1138
2561
3036
391
9795
4291
7809
3236
5532
593
666
93
8452
8457
7794
7004
9437
7048
6233
7512
8177
909
9202
6082
8063
4471
2106
5296
4829
8756
9026
937
499
7068
2512
3702
901
5646
5850
974
693
1442
5432
3138
3108
8294
2833
7605
9750
5332
1362
2029
5839
1027
4446
9155
9676
7534
3629
3718
9514
7582
8432
7844
7229
9499
3744
6943
6352
8364
2793
1557
110
1116
9934
6658
8299
4954
4731
2005
1724
2432
3725
4930
7166
6842
2323
7786
5486
5401
4248
8743
9298
7073
5687
8070
7574
8192
7431
1912
8289
769
8829
7415
6303
8980
9868
1428
8080
1196
13
2752
7751
5437
384
3986
8005
1775
6379
6912
7281
1804
8504
3561
5587
3125
1602
4742
9121
6443
1355
3662
1338
4421
5698
4579
5779
8632
2725
1228
776
5062
3087
9112
7360
6744
2220
7032
1506
3607
9411
4280
5528
5999
1101
2683
5980
9358
9591
236
1796
9303
7482
9410
9922
3174
7082
7949
4414
1864
1429
6935
6700
6652
9506
7850
1522
644
3815
5484
2147
8925
738
2537
8423
7468
7788
6526
2197
4399
1670
2694
5430
4836
297
7333
2139
1373
1186
2190
7716
9637
7008
4838
1174
8006
6268
1953
9480
2593
3628
7554
2413
2489
8212
2690
9232
192
2597
9422
6828
609
7965
4806
1620
8948
7284
6461
8425
7960
3656
8996
3768
5045
5829
7006
3626
8561
7158
1956
371
8134
4927
4868
6992
4433
9833
5718
3835
8595
5313
4730
6863
2039
5004
5807
1321
1762
4138
2792
7328
3568
3392
2153
7997
5591
5023
7864
7497
988
342
8127
3232
9847
1899
5724
2562
6818
8089
3003
1609
54
6777
9576
3101
8981
4802
1333
2238
438
9732
7085
9242
8543
5271
3935
5471
8498
1203
1328
5
1658
1133
1357
2075
4235
4626
7002
8689
9724
9445
950
1090
7164
3931
3543
5772
7274
2610
586
956
2931
1727
4649
5374
540
5970
1947
5506
3
1706
8071
5795
3803
2769
6116
3712
6201
2568
1402
3209
8435
1216
7708
7135
8877
2012
2981
2082
8617
6185
4052
4158
1966
6490
6656
7192
1989
9821
3622
5118
6181
1288
6826
462
906
2085
8664
6018
1497
3152
7257
9826
4305
6048
8458
7984
3158
5348
8669
3653
3051
486
9545
9683
9995
2996
7211
6566
6256
9562
1486
8821
9496
5818
5173
1986
3130
6583
2758
4666
3507
1843
8413
2629
5688
5467
2710
5482
5235
4640
7831
6909
2322
6053
1000
2639
8292
1481
3375
3631
6124
669
308
671
6962
1704
3353
2461
7141
910
6357
9629
9891
7766
6111
2459
4050
5871
4276
5597
8174
1134
6550
2447
7920
5981
8606
7489
8706
9350
8744
926
6043
5040
8992
2
712
9780
2743
8112
781
1596
9369
2486
7730
3338
6781
1322
659
7870
1166
9273
1303
19
2472
9048
9521
9655
1465
3826
5334
3041
5284
4441
651
5741
1746
8750
8578
637
4854
4047
9385
3697
6003
1861
6519
2645
8145
5227
7203
5376
8964
3335
3050
4041
2937
6926
1673
2796
2410
6684
2343
8650
3449
3406
7185
2320
5014
8369
9012
3588
3496
2516
3714
6072
4336
517
7339
7655
1496
9880
6254
9272
6782
2601
3602
7113
379
6821
3233
6813
7065
4891
8547
7163
9987
2210
3630
2109
2456
638
7052
5150
4027
9420
8136
2612
8210
773
8284
7297
860
323
9622
7537
4843
286
6242
547
2335
840
7783
4068
6469
6886
9281
485
4718
8886
8453
4256
4510
2781
1510
7078
1566
1653
8703
6894
953
4504
264
6423
3877
5328
4356
7510
2199
7828
552
801
2022
3313
6858
9977
6274
9578
5310
2119
9583
4826
2604
7421
8719
8827
9292
4487
9844
7887
9614
1125
1844
1696
2762
1503
2928
4372
3048
7256
4642
7455
305
7812
6732
7851
3977
145
8445
3989
9647
4418
9965
6112
7793
594
522
4259
6337
3371
4603
7816
8809
2000
9644
5632
1055
7355
622
2087
9774
285
3546
2186
5533
8582
676
6874
5668
5258
3005
7356
2936
7756
7682
3848
9386
8286
2065
3915
1629
8100
2633
3023
5554
6074
2727
9371
3831
8857
2191
7838
5903
3534
5046
5164
5853
1760
9019
8797
6398
346
5707
6688
361
6867
3642
4401
2509
8249
9089
251
8397
8843
2317
5517
6581
5907
8217
3514
1807
4245
6945
396
4021
8671
7156
8007
3088
4474
9811
809
5020
3530
8519
8033
8377
8762
2312
9803
2669
1404
3820
9584
4556
5550
7076
3936
7529
1512
6814
5594
943
5584
5148
3290
4491
8522
9333
9502
927
6343
1084
6317
6563
2865
580
2776
3428
2682
6606
5799
3732
8392
1975
7105
7999
6456
4999
91
1698
4998
3580
5709
881
4848
681
4029
6733
8863
1367
363
2377
7316
1579
4895
9786
2319
5186
8438
7745
3860
7128
3282
278
5073
8266
9450
3378
4968
6759
8832
5246
9719
213
3742
5840
7479
9674
2886
1608
5672
4614
7950
4543
9460
5264
4113
5412
6257
7595
7317
2783
8629
6547
6023
483
1573
6066
3551
3501
3183
94
9812
7881
5249
5864
4693
7660
2004
2880
1957
3694
1471
9455
992
2287
1400
6810
6299
5262
3090
1531
3785
7420
4703
5210
3479
3863
1558
9239
838
8337
205
143
6976
7405
6178
8944
80
9792
1577
8752
3484
9586
7377
3754
7877
4127
2452
2264
1728
7037
7067
7693
8955
7616
8717
4691
3099
8538
2247
1141
7946
3421
1016
3096
8846
4250
6078
9527
7374
8888
8564
4075
5149
5384
8019
6746
9870
6841
1204
4464
1622
7220
8826
9701
7652
1850
6426
1310
7289
3119
6369
6802
3074
9957
9395
7253
8508
84
1461
4485
3238
3198
2579
6054
2959
6673
2884
5064
4055
1048
5541
8446
6484
6289
5765
9228
1761
6439
8038
5115
1682
129
4602
6027
1397
1708
1766
8505
375
6022
680
2814
132
4211
1398
9617
4090
3625
563
7919
7165
4296
5966
8198
7345
5592
6635
691
1278
1253
1115
8951
1527
4816
2248
9370
7860
4481
7084
2715
4512
9711
6664
7396
6496
3649
7821
5900
9500
6710
1427
4905
6557
4213
5572
725
3934
4426
9664
6168
3586
7503
6554
1254
8484
983
3423
3199
6448
7081
283
8927
6384
3538
7034
9729
6995
597
6042
4122
6464
504
4867
9721
9063
7884
7982
6967
1259
3594
250
1645
8541
4044
8774
8077
9779
1008
9025
6934
4612
6647
5086
7349
7845
8507
2554
4317
1773
8400
5015
364
8777
1840
4661
3014
6924
4785
1765
2658
8956
1448
4553
1279
5827
7269
632
6843
5076
7026
4571
1452
1647
3710
7195
8087
5881
7433
2508
2270
649
9243
3590
7518
9785
2963
7092
1169
6250
1433
7625
5434
886
7458
2949
9495
4760
3094
1554
5024
6989
7928
8678
5806
6762
9960
4689
5435
6591
2611
4048
5640
1352
5860
8394
2034
5790
7168
9072
554
1551
1078
5417
715
9036
4507
5990
5866
4351
3506
7410
4846
68
6314
430
3429
7492
6293
1625
8991
5723
4149
7322
7254
1827
5576
3955
724
6697
8558
8020
319
5123
5362
7948
5341
8042
3033
8437
6773
629
832
7103
3030
5874
2403
6073
7979
6244
8480
3273
2261
5275
4062
3659
631
582
4294
2801
5895
1311
118
3427
1792
9598
6837
9819
9503
9151
7637
5650
95
1075
2986
3203
4081
6573
7579
7230
4208
2006
3091
2978
8679
5325
186
4754
2672
7910
6800
4538
1191
8723
6447
2813
5027
5423
9735
8658
6939
1549
9372
1136
4365
3127
2043
4241
439
6325
9959
4278
2907
5084
4536
9288
6044
8205
7781
9862
2138
5188
8935
8919
4941
7944
6880
8641
9663
4933
2589
7807
5358
8875
9185
3910
9894
6942
986
1581
1691
6091
3772
7964
683
4859
1157
6115
6321
6146
4354
5739
8816
4938
7897
4921
9745
5280
5292
9283
2535
7645
7154
8044
8288
298
2454
6292
3452
2873
2346
2208
7697
972
7532
9856
7424
1282
212
9605
4169
3601
8139
8605
1676
7417
6389
2418
3536
5754
4459
8596
5335
4889
3150
7557
8341
154
4982
183
6047
4229
6191
9146
2217
1188
7170
1423
5263
6541
9034
4876
8488
6425
4967
6092
4142
4774
172
4746
1835
9144
8818
3608
6592
4877
6775
5314
6922
3759
8668
6203
870
6390
6339
9266
1926
7490
1613
1223
6089
2599
5443
5585
3961
5238
9435
1059
7972
3943
4946
7028
8223
6847
9816
3316
5030
7011
5250
3344
4622
7592
6313
4688
5725
261
8022
3559
3706
4146
6050
5211
8466
3135
3701
9016
782
3165
3664
4176
8141
65
8608
8188
3846
5143
8830
8001
5529
3064
6803
7425
6539
3734
876
2245
1689
1459
1202
2206
599
8840
1907
8027
4167
896
3250
1712
5224
3331
354
8353
1659
531
7871
4979
3274
3056
7219
5229
1346
4893
5794
9687
2110
7390
1819
5368
9227
4788
617
2417
1472
5571
7947
4224
6849
3013
8776
9773
193
6848
470
2953
2916
3146
1880
7613
5489
9076
4955
9214
9365
4570
6149
8501
1112
1541
7724
5822
179
1413
4166
6494
7155
4551
2467
1703
7359
4598
2946
3002
9251
6273
9074
8633
8694
134
7343
6378
3777
2477
1754
1881
5230
3724
4775
8967
5988
7303
4672
2158
8010
6099
518
3171
2088
5466
8101
893
5287
2125
9948
2628
4032
5563
4056
4285
3740
4828
772
1100
5321
7123
5239
3557
4804
5394
804
9990
2479
864
5153
4931
3247
8491
5579
3400
8086
5859
7895
6131
9739
4342
6435
8790
8246
4199
1238
2185
9463
4794
458
5240
2767
4089
318
1319
2500
529
243
3500
6077
9477
9367
8823
5260
7240
6870
4268
9609
4819
6721
5912
8064
1732
3550
8542
8348
2857
4237
3597
6729
3515
6433
9925
4340
1425
9353
8589
252
7731
418
7369
685
4637
8986
8833
4566
3105
2892
6070
7288
5704
2311
8598
5070
2386
2557
2895
64
9703
5363
5360
6483
1255
5112
4327
101
3870
31
8216
4136
8741
1887
1619
2019
9291
8363
3258
4408
295
4845
9645
9810
1545
4576
1896
62
4324
3210
8278
7566
5174
7728
72
6626
7551
390
9831
8013
4033
9567
7709
6644
2077
8651
2352
1681
6405
4937
4563
8628
4253
4074
9015
9615
1418
7878
5277
2164
2170
5948
8149
5744
1158
98
1286
1836
9284
6137
968
1509
487
4837
352
8107
7924
2655
9446
6223
4747
3854
7499
8429
9279
2278
7872
6788
1685
2933
3163
3053
7234
9515
8557
6188
4789
5248
2875
1868
5609
929
5910
6060
8736
7611
9193
4057
2982
1993
6915
550
1857
935
2602
2559
1862
4534
5582
6165
7087
9312
6982
9652
3524
1439
5600
9907
272
6344
2780
313
5743
7669
511
3107
5201
8095
757
7644
4470
2212
2207
4442
5282
9343
7478
9723
2009
4023
187
5128
403
1702
9841
3314
9621
6246
2564
5223
502
5488
8499
5297
5228
1657
7491
7672
4648
2995
5063
2067
2374
7617
1568
1945
2787
7515
9154
2988
4110
2231
2620
6747
6528
8567
7516
8321
2772
1555
7527
3015
9716
6157
5006
656
8789
2827
4105
8973
9783
2266
8562
7187
8563
880
3895
3876
7608
7842
423
3076
7883
8586
5066
701
24
9064
288
3047
5689
4653
9624
6805
1878
8783
3257
561
5951
1042
1768
4125
5065
7740
2239
2567
1177
7426
4844
6864
2980
3587
8256
9449
8758
5116
9277
7852
7401
4165
7153
7509
2680
67
9095
9444
2932
9349
3880
8333
4610
2095
5616
7578
8798
2246
4701
2621
5761
512
481
7392
7216
5512
7750
6660
6466
6585
6791
536
6627
5221
5141
1164
2485
4995
4584
6470
4093
1492
1672
3958
3311
9555
2371
5504
8759
131
9579
6590
7413
7466
2729
1458
4135
3277
5218
9944
10000
752
763
5179
39
590
413
9879
1585
2808
9388
5377
3450
4753
9713
6327
1143
7072
1399
8037
420
9174
5198
8764
3823
9882
1242
2310
7767
8511
1736
1412
2415
892
5208
3965
1683
6860
1105
3762
7808
9240
7364
1849
7814
6562
1865
2305
344
8391
1895
3574
2180
2756
978
9566
9409
3388
4393
1569
4171
3727
2493
3517
8056
9516
2858
8094
8979
1013
1874
2922
8841
5265
5324
2644
5343
8307
2046
674
9100
8677
8173
2073
2259
7905
265
8616
7294
3318
7743
3899
9517
7035
6517
203
4932
6113
5786
4567
4384
8972
9270
8050
3057
5354
9507
7061
1740
3698
1162
527
3124
5409
710
9046
6570
7803
5429
6220
5636
3191
4392
9940
177
8209
9890
5737
6543
9320
2338
9108
1335
7991
8126
8329
1185
2103
6756
7922
7494
4215
4604
7150
3606
2765
4344
5879
4258
1669
5215
81
1595
7249
5726
1341
9423
4601
148
1589
726
8408
5979
1784
9869
6084
8298
3221
209
9756
9233
3942
7996
2329
4467
246
402
9994
559
1393
5792
9989
9933
4129
5956
1083
4003
