Mary 54.55 61.75 60.63
Joseph 94.88 94.48 76.03
Michael 96.4 72.44 87.39
Jessica 94.17 58.88 88.08
Thomas 78.35 84.76 60.19
Jennifer 59.45 82.8 57.6
Sarah 91.24 93.26 68.14
Karen 73.62 61.8 88.96
Sarah 98.21 58.8 91.65
Charles 54.09 67.83 80.64
Susan 54.1 60.19 95.04
Thomas 92.32 68.33 84.33
Robert 52.73 58.58 74.02
Robert 52.07 75.19 65.31
Joseph 56.26 78.13 93.98
Patricia 82.78 66.44 59.01
Thomas 68.84 60.93 80.85
Charles 69.96 73.01 78.53
Elizabeth 99.42 60.67 83.64
Patricia 94.17 54.95 57.01
Patricia 88.59 69.15 95.86
John 56.59 63.35 70.3
Linda 93.29 73.81 51.17
Michael 80.93 87.5 79.99
Charles 67.79 50.41 63.48
Jennifer 98.81 78.9 65.47
Linda 63.9 95.44 83.17
Charles 66.87 52.78 71.77
Karen 99.17 66.23 85.24
Richard 92.85 99.64 83.54
John 55.89 68.94 55.82
Robert 69.47 94.31 67.05
Thomas 65.29 60.97 93.22
Jennifer 91.43 55.19 65.84
Michael 59.5 88.86 93.74
Mary 92.16 69.63 78.36
William 60.27 61.98 61.06
Sarah 93.1 64.55 68.88
Richard 88.07 90.29 63.44
Elizabeth 93.24 64.99 78.98
Mary 50.33 92.86 85.57
Karen 99.11 95.39 68.68
Linda 60.1 68.42 69.63
Thomas 57.3 99.44 91.36
James 77.13 82.5 59.49
James 79.21 56.16 73.92
Jennifer 87.26 56.01 65.61
Joseph 88.15 75.6 54.3
Thomas 94.8 78.96 78.83
Jessica 69.73 70.79 59.35
Mary 77.24 80.12 95.17
Jessica 87.84 79.11 89.75
Susan 67.94 62.72 81.26
Mary 65.67 50.25 84.57
Robert 67.22 61.8 96.2
Jessica 91.33 99.22 50.15
John 99.56 65.43 57.16